[version]
AppVersion=10.0.1.12347
SrcVersion=10.0.1.12347
firstversion=10.0.1.12347
lastversion=10.0.1.12347
bootnum=29


